0 0 0 0
0 0 0 0
33554432 33554432 33554432 33554432
33554432 33554432 33554432 33554432
67108864 67108864 67108864 67108864
67108864 67108864 67108864 67108864
100663296 100663296 100663296 100663296
100663296 100663296 100663296 100663296
0 0 0 0
0 0 0 0
33554433 33554433 33554433 33554433
33554433 33554433 33554433 33554433
67108865 67108865 67108865 67108865
67108865 67108865 67108865 67108865
100663297 100663297 100663297 100663297
100663297 100663297 100663297 100663297
1 1 1 1
1 1 1 1
33554434 33554434 33554434 33554434
33554434 33554434 33554434 33554434
67108866 67108866 67108866 67108866
67108866 67108866 67108866 67108866
100663298 100663298 100663298 100663298
100663298 100663298 100663298 100663298
2 2 2 2
2 2 2 2
33554435 33554435 33554435 33554435
33554435 33554435 33554435 33554435
67108867 67108867 67108867 67108867
67108867 67108867 67108867 67108867
33554435 33554435 33554435 33554435
33554435 33554435 33554435 33554435
3 3 3 3
3 3 3 3
100663299 100663299 100663299 100663299
100663299 100663299 100663299 100663299
67108866 67108866 67108866 67108866
67108866 67108866 67108866 67108866
33554434 33554434 33554434 33554434
33554434 33554434 33554434 33554434
2 2 2 2
2 2 2 2
100663298 100663298 100663298 100663298
100663298 100663298 100663298 100663298
67108865 67108865 67108865 67108865
67108865 67108865 67108865 67108865
33554433 33554433 33554433 33554433
33554433 33554433 33554433 33554433
1 1 1 1
1 1 1 1
100663297 100663297 100663297 100663297
100663297 100663297 100663297 100663297
67108864 67108864 67108864 67108864
67108864 67108864 67108864 67108864
33554432 33554432 33554432 33554432
33554432 33554432 33554432 33554432
